miou: 0.8108045133676542
f1: 0.8947639039265969
accuracy: 0.9088981364268534
kappa: 0.8537291851263836
precision: 0.8874738874613554
recall: 0.902174677751328
