miou: 0.7851815996884476
f1: 0.8788131528453678
accuracy: 0.8931224840045516
kappa: 0.8282681880523134
precision: 0.8670329573134324
recall: 0.8909178676608925