miou: 0.7700884021985186
f1: 0.8651368052205374
accuracy: 0.9036623489232046
kappa: 0.8451787023923425
precision: 0.8415817066383324
recall: 0.8900484432202946