miou: 0.7648000238884736
f1: 0.8526249812882405
accuracy: 0.923035708989762
kappa: 0.8776751503010934
precision: 0.8148251129497982
recall: 0.8941025423562624