miou: 0.8356408607468214
f1: 0.9102517295357497
accuracy: 0.9134234649598612
kappa: 0.8616342260494715
precision: 0.8974949257972998
recall: 0.9233764071965818